52.189922  21.024406
52.194046  21.024245
52.196959  21.024132
52.202351  21.023327
52.205073  21.022844
52.209340  21.021363
52.213729  21.021544
52.217879  21.019149
52.219831  21.017883
52.219926  21.015563
52.220125  21.011198
52.220265  21.004893
52.223019  21.004734
52.227711  21.001977
52.233113  20.998426
52.235901  20.997089
52.231896  20.992490
52.230340  20.984345
52.229440  20.979060
52.209994  20.949271
52.212223  20.952618
52.216368  20.960907
52.218117  20.966498
52.220115  20.971916
52.217614  20.977234
52.216312  20.981129
52.216344  20.987789
52.216706  20.995618
52.217197  21.005051
52.217114  21.015263
52.219309  21.025212
52.221957  21.035860
52.224321  21.043723
52.226497  21.054507
52.228670  21.063032
52.229982  21.067912
52.234996  21.078512
52.236199  21.086719
52.234694  21.098560
52.233690  21.107307
52.218812  21.045696
52.215180  21.046099
52.212210  21.047128
52.207140  21.048468
52.203726  21.049409
52.198981  21.051325
52.194797  21.054571
52.190860  21.059255
52.187488  21.063189
52.207121  21.047657
52.206671  21.042391
52.206789  21.036468
52.207000  21.029697
52.212094  21.019732
52.218177  21.015377
52.220938  21.015720
52.222647  21.016396
52.226649  21.013725
52.229856  21.011740
52.179315  21.058561
52.182303  21.055339
52.182303  21.055339
52.187909  21.049331
52.191303  21.045758
52.198221  21.038831
52.202980  21.034331
52.237141  20.965153
52.236639  20.972130
52.237151  20.973042
52.238059  20.977626
52.237047  20.980534
52.239793  20.987100
52.241889  20.993580
52.239858  20.995417
52.238321  20.996147
52.244362  21.001331
52.238214  21.006658
52.235231  21.008568
52.240467  21.082230
52.244888  21.084419
52.250320  21.084580
52.250123  21.088571
52.184735  21.060533
52.227923  20.957094
52.227923  20.957094
52.233352  21.084266
52.232357  21.082943
52.230475  21.083689
52.231196  21.091059
52.223668  21.020428
52.226698  21.023346
52.230195  21.029942
52.232257  21.037035
52.230466  21.033839
52.235003  21.033175
52.235982  21.031448
52.239027  21.027510
52.241879  21.024654
52.243725  21.022079
52.188743  20.980528
52.190861  20.981290
52.195866  20.982996
52.198437  20.983886
52.201317  20.984862
52.204828  20.986021
52.210298  20.987877
52.275031  20.981221
52.272326  20.983549
52.268950  20.985774
52.265573  20.989278
52.262309  20.992513
52.258299  20.995853
52.253696  20.997720
52.249289  20.998739
52.208731  20.974710
52.214516  20.979613
52.218789  20.983368
52.222673  20.986705
52.224809  20.989108
52.219164  20.989512
52.218936  20.998829
52.220139  21.004902
52.252826  20.990453
52.251070  20.985662
52.253993  20.983161
52.255477  20.982238
52.262550  20.979373
52.264364  20.971911
52.266915  20.962486
52.229601  20.951251
52.230771  20.955410
52.232451  20.960803
52.233686  20.966790
52.235185  20.973721
52.246851  21.015165
52.252589  21.029846
52.254722  21.034756
52.251850  21.038009
52.249444  21.042993
52.247932  21.047030
52.247275  21.053174
52.246899  21.058484
52.246543  21.063926
52.246213  21.069468
52.257858  21.034481
52.259539  21.039363
52.257191  21.040371
52.259719  21.046277
52.262713  21.052628
52.266784  21.058583
52.268992  21.060268
52.270003  21.057382
52.272872  21.054807
52.274319  21.049888
52.273636  21.046318
52.270216  21.047775
52.256294  21.053016
52.258225  21.059475
52.257271  21.055805
52.263563  21.038431
52.268842  21.037465
52.273346  21.032211
52.278263  21.027662
52.281105  21.026171
52.266732  21.030486
52.263732  21.021439
52.261990  21.013570
52.260120  21.007319
52.258792  21.002366
52.255603  20.998391
52.253744  20.997661
52.244576  20.979234
52.246441  20.985843
52.287036  21.075287
52.227553  20.951626
52.228517  20.967303
52.233321  20.982162
52.240329  20.970719
52.244573  20.965698
52.246390  20.962398
52.247375  20.956540
52.247291  20.953198
52.255511  21.004638
52.249844  21.003073
52.235482  21.002520
52.230940  20.999602
52.242982  21.009470
52.240851  21.016176
52.237008  21.017886
52.235602  21.018369
52.232271  21.020129
52.231903  21.021631
52.230805  21.016324
52.232857  21.025785
52.234957  21.036262
52.237848  21.050511
52.238927  21.055732
52.239233  21.051111
52.246907  21.047392
52.252897  21.050128
52.240354  21.062512
52.242024  21.070681
52.243669  21.078551
52.226659  20.996121
52.241995  20.978084
52.244642  20.977236
52.248708  20.979146
52.253260  20.981302
52.234952  21.053749
52.229064  21.057528
52.226146  21.059760
52.225438  21.069275
52.226153  21.078770
52.232353  21.060923
52.238895  21.074794
52.236536  21.076575
52.225845  21.041034
52.224984  21.034575
52.230217  21.030634
52.229820  21.022367
52.231220  21.017882
52.208705  21.007637
52.198030  21.012654
52.190227  21.016576
52.181784  21.022822
52.161929  21.027781
52.156150  21.034579
52.149735  21.045368
52.139907  21.057673
52.131492  21.065512
52.195563  21.001838
52.198904  21.001217
52.202179  21.000284
52.205394  20.999361
52.206825  21.003823
52.213033  21.006277
52.208169  20.963696
52.210227  20.965441
52.210549  20.969604
52.211160  20.976610
52.210121  20.981449
52.231571  21.055845
52.271838  20.971980
52.277109  20.959683
52.281338  20.950348
52.286457  20.939265
52.290659  20.930141
52.237738  20.959186
52.239161  20.942635
52.240274  20.931721
52.239137  20.913109
52.239283  20.902659
52.227231  20.889162
52.216435  20.886210











